                         module name  input shape output shape      params memory(MB)             MAdd            Flops  MemRead(B)  MemWrite(B) duration[%]    MemR+W(B)
0                      encoder.conv1    3 384 224   64 192 112      9408.0       5.25    403,243,008.0    202,309,632.0   1069824.0    5505024.0       6.07%    6574848.0
1                        encoder.bn1   64 192 112   64 192 112       128.0       5.25      5,505,024.0      2,752,512.0   5505536.0    5505024.0       5.26%   11010560.0
2                       encoder.relu   64 192 112   64 192 112         0.0       5.25      1,376,256.0      1,376,256.0   5505024.0    5505024.0       0.46%   11010048.0
3                    encoder.maxpool   64 192 112   64  96  56         0.0       1.31      2,752,512.0      1,376,256.0   5505024.0    1376256.0      22.10%    6881280.0
4             encoder.layer1.0.conv1   64  96  56   64  96  56     36864.0       1.31    396,017,664.0    198,180,864.0   1523712.0    1376256.0       3.74%    2899968.0
5               encoder.layer1.0.bn1   64  96  56   64  96  56       128.0       1.31      1,376,256.0        688,128.0   1376768.0    1376256.0       1.37%    2753024.0
6              encoder.layer1.0.relu   64  96  56   64  96  56         0.0       1.31        344,064.0        344,064.0   1376256.0    1376256.0       0.07%    2752512.0
7             encoder.layer1.0.conv2   64  96  56   64  96  56     36864.0       1.31    396,017,664.0    198,180,864.0   1523712.0    1376256.0       2.59%    2899968.0
8               encoder.layer1.0.bn2   64  96  56   64  96  56       128.0       1.31      1,376,256.0        688,128.0   1376768.0    1376256.0       1.32%    2753024.0
9             encoder.layer1.1.conv1   64  96  56   64  96  56     36864.0       1.31    396,017,664.0    198,180,864.0   1523712.0    1376256.0       2.50%    2899968.0
10              encoder.layer1.1.bn1   64  96  56   64  96  56       128.0       1.31      1,376,256.0        688,128.0   1376768.0    1376256.0       1.31%    2753024.0
11             encoder.layer1.1.relu   64  96  56   64  96  56         0.0       1.31        344,064.0        344,064.0   1376256.0    1376256.0       0.08%    2752512.0
12            encoder.layer1.1.conv2   64  96  56   64  96  56     36864.0       1.31    396,017,664.0    198,180,864.0   1523712.0    1376256.0       2.52%    2899968.0
13              encoder.layer1.1.bn2   64  96  56   64  96  56       128.0       1.31      1,376,256.0        688,128.0   1376768.0    1376256.0       1.32%    2753024.0
14            encoder.layer2.0.conv1   64  96  56  128  48  28     73728.0       0.66    198,008,832.0     99,090,432.0   1671168.0     688128.0       2.36%    2359296.0
15              encoder.layer2.0.bn1  128  48  28  128  48  28       256.0       0.66        688,128.0        344,064.0    689152.0     688128.0       0.24%    1377280.0
16             encoder.layer2.0.relu  128  48  28  128  48  28         0.0       0.66        172,032.0        172,032.0    688128.0     688128.0       0.06%    1376256.0
17            encoder.layer2.0.conv2  128  48  28  128  48  28    147456.0       0.66    396,189,696.0    198,180,864.0   1277952.0     688128.0       2.94%    1966080.0
18              encoder.layer2.0.bn2  128  48  28  128  48  28       256.0       0.66        688,128.0        344,064.0    689152.0     688128.0       0.23%    1377280.0
19     encoder.layer2.0.downsample.0   64  96  56  128  48  28      8192.0       0.66     21,848,064.0     11,010,048.0   1409024.0     688128.0       1.69%    2097152.0
20     encoder.layer2.0.downsample.1  128  48  28  128  48  28       256.0       0.66        688,128.0        344,064.0    689152.0     688128.0       0.71%    1377280.0
21            encoder.layer2.1.conv1  128  48  28  128  48  28    147456.0       0.66    396,189,696.0    198,180,864.0   1277952.0     688128.0       2.31%    1966080.0
22              encoder.layer2.1.bn1  128  48  28  128  48  28       256.0       0.66        688,128.0        344,064.0    689152.0     688128.0       0.71%    1377280.0
23             encoder.layer2.1.relu  128  48  28  128  48  28         0.0       0.66        172,032.0        172,032.0    688128.0     688128.0       0.05%    1376256.0
24            encoder.layer2.1.conv2  128  48  28  128  48  28    147456.0       0.66    396,189,696.0    198,180,864.0   1277952.0     688128.0       2.36%    1966080.0
25              encoder.layer2.1.bn2  128  48  28  128  48  28       256.0       0.66        688,128.0        344,064.0    689152.0     688128.0       0.70%    1377280.0
26            encoder.layer3.0.conv1  128  48  28  256  24  14    294912.0       0.33    198,094,848.0     99,090,432.0   1867776.0     344064.0       2.48%    2211840.0
27              encoder.layer3.0.bn1  256  24  14  256  24  14       512.0       0.33        344,064.0        172,032.0    346112.0     344064.0       0.18%     690176.0
28             encoder.layer3.0.relu  256  24  14  256  24  14         0.0       0.33         86,016.0         86,016.0    344064.0     344064.0       0.06%     688128.0
29            encoder.layer3.0.conv2  256  24  14  256  24  14    589824.0       0.33    396,275,712.0    198,180,864.0   2703360.0     344064.0       4.19%    3047424.0
30              encoder.layer3.0.bn2  256  24  14  256  24  14       512.0       0.33        344,064.0        172,032.0    346112.0     344064.0       0.20%     690176.0
31     encoder.layer3.0.downsample.0  128  48  28  256  24  14     32768.0       0.33     21,934,080.0     11,010,048.0    819200.0     344064.0       1.28%    1163264.0
32     encoder.layer3.0.downsample.1  256  24  14  256  24  14       512.0       0.33        344,064.0        172,032.0    346112.0     344064.0       0.18%     690176.0
33            encoder.layer3.1.conv1  256  24  14  256  24  14    589824.0       0.33    396,275,712.0    198,180,864.0   2703360.0     344064.0       2.62%    3047424.0
34              encoder.layer3.1.bn1  256  24  14  256  24  14       512.0       0.33        344,064.0        172,032.0    346112.0     344064.0       0.17%     690176.0
35             encoder.layer3.1.relu  256  24  14  256  24  14         0.0       0.33         86,016.0         86,016.0    344064.0     344064.0       0.05%     688128.0
36            encoder.layer3.1.conv2  256  24  14  256  24  14    589824.0       0.33    396,275,712.0    198,180,864.0   2703360.0     344064.0       2.41%    3047424.0
37              encoder.layer3.1.bn2  256  24  14  256  24  14       512.0       0.33        344,064.0        172,032.0    346112.0     344064.0       0.18%     690176.0
38            encoder.layer4.0.conv1  256  24  14  512  12   7   1179648.0       0.16    198,137,856.0     99,090,432.0   5062656.0     172032.0       3.51%    5234688.0
39              encoder.layer4.0.bn1  512  12   7  512  12   7      1024.0       0.16        172,032.0         86,016.0    176128.0     172032.0       0.17%     348160.0
40             encoder.layer4.0.relu  512  12   7  512  12   7         0.0       0.16         43,008.0         43,008.0    172032.0     172032.0       0.06%     344064.0
41            encoder.layer4.0.conv2  512  12   7  512  12   7   2359296.0       0.16    396,318,720.0    198,180,864.0   9609216.0     172032.0       5.57%    9781248.0
42              encoder.layer4.0.bn2  512  12   7  512  12   7      1024.0       0.16        172,032.0         86,016.0    176128.0     172032.0       0.24%     348160.0
43     encoder.layer4.0.downsample.0  256  24  14  512  12   7    131072.0       0.16     21,977,088.0     11,010,048.0    868352.0     172032.0       1.30%    1040384.0
44     encoder.layer4.0.downsample.1  512  12   7  512  12   7      1024.0       0.16        172,032.0         86,016.0    176128.0     172032.0       0.16%     348160.0
45            encoder.layer4.1.conv1  512  12   7  512  12   7   2359296.0       0.16    396,318,720.0    198,180,864.0   9609216.0     172032.0       5.06%    9781248.0
46              encoder.layer4.1.bn1  512  12   7  512  12   7      1024.0       0.16        172,032.0         86,016.0    176128.0     172032.0       0.19%     348160.0
47             encoder.layer4.1.relu  512  12   7  512  12   7         0.0       0.16         43,008.0         43,008.0    172032.0     172032.0       0.05%     344064.0
48            encoder.layer4.1.conv2  512  12   7  512  12   7   2359296.0       0.16    396,318,720.0    198,180,864.0   9609216.0     172032.0       4.42%    9781248.0
49              encoder.layer4.1.bn2  512  12   7  512  12   7      1024.0       0.16        172,032.0         86,016.0    176128.0     172032.0       0.19%     348160.0
50                   encoder.avgpool    0   0   0    0   0   0         0.0       0.00              0.0              0.0         0.0          0.0       0.00%          0.0
51                        encoder.fc    0   0   0    0   0   0         0.0       0.00              0.0              0.0         0.0          0.0       0.00%          0.0
total                                                           11176512.0      43.97  6,236,116,992.0  3,121,520,640.0         0.0          0.0     100.00%  138979584.0
=========================================================================================================================================================================
Total params: 11,176,512
-------------------------------------------------------------------------------------------------------------------------------------------------------------------------
Total memory: 43.97MB
Total MAdd: 6.24GMAdd
Total Flops: 3.12GFlops
Total MemR+W: 132.54MB

