-0.0 0.0 0.0 0.0 0.0 0.0
-1.916417637280454 1.1048803145267498 0.547823976749996 -0.0893885567 -0.00380761984 6.25216101
-0.15974060482073146 1.7764307903460328 -0.6296610154165416 -0.260058063 -0.00812813444 13.7288409
-1.7021532882230086 1.2377589300139993 -0.5310721192998734 -0.452631572 -0.0122258846 23.0835393
-1.8422055961467005 1.6088713632694027 -1.4459342996311602 -0.63157508 -0.022062589 33.3656111
-0.740528844503528 2.2847241594821446 -1.5579923107495248 -0.850060595 -0.030734012 44.2333239
-0.8114874375952295 2.3774890996793276 -2.048503321154039 -1.13456488 -0.0388200751 55.5025231
-1.0170098985569442 2.3132260429469236 -0.311308581666346 -1.33571208 -0.047418795 66.1508437
-0.4430654816017833 2.3152551054671195 -0.9181188765470277 -1.58130668 -0.0569910768 76.9468251
-0.24687196581169063 3.07393504467607 -1.81701452649888 -1.86643174 -0.0642096993 87.4651519
0.5273468241428197 5.78545230934756 -0.7900086591058784 -2.23989854 -0.0697810979 97.295423
-0.42731688059694084 7.450524582507324 -2.6410265178919965 -2.74213136 -0.0738273035 104.672336
-1.0024675022571274 -9.439223954710467 -2.511701755886553 -2.63752602 -0.0770920871 109.714132
-1.9929314267138585 -54.480359412263056 -0.7911171320265434 -1.13360815 -0.0817168622 113.874029
-3.2497120876716266 -116.52858342640094 -0.8773206594429479 2.35386622 -0.0895293853 116.854118
-5.707991648082598 -164.34533272987176 1.6434985989045896 7.73021337 -0.0980011587 118.093257
-105.61276294291346 -176.89499813783823 101.52569593330638 15.1668548 -0.109080341 118.325129
-95.75895849277632 -176.99509685112503 92.64933621610925 23.3809858 -0.121894317 118.513505
-54.50954329757932 -178.7018471958262 52.66885390921431 32.4145105 -0.133523322 118.653001
